0.063 0.125 0.25 0.5 1 2 4 8 16 31.5 63 100
4.638350809 2.345832592 3.056690959 4.97600853 4.8160654 4.99377998 7.01972632 10.1119602 17.18500088 31.59765417 9.25893016000001 0
3.289473684 2.330827068 3.665413534 7.781954884 5.33834587 6.16541353 9.41729323 13.90977444 16.87969925 31.22180451 0 0
2.878937008 2.608267716 3.063484252 5.511811024 5.06889764 3.64173228 4.60137795 13.76722441 33.08316929 25.77509843 0 0
1.252450447 0.969287736 1.26334132 2.14550207 3.670224352 4.149422785 5.26029187 17.62143324 36.23393596 27.43411022 0 0
1.161338661 0.811688312 1.348651349 2.01048951 3.421578422 3.871128866 5.65684316 18.53146853 38.06193807 25.12487512 0 0
1.377875991 1.364877161 1.624853763 2.794748473 3.483686472 3.08072273 6.27843494 18.04237619 45.15793578 16.7944885 0 0
2.011553538 2.651124407 3.249432639 9.841138846 10.21250258 5.37445843 5.99339798 13.42067258 27.26428719 19.98143181 0 0
1.393993157 1.723482448 2.813331644 9.960714741 11.43074388 3.7004182 4.85363072 11.87428716 29.93283488 22.31656317 0 0
1.393959509 1.360769996 2.478150238 7.025113397 10.1228012 4.00486779 4.50271048 8.66246266 27.62473725 25.52273481 7.30169266999999 0
0.838701835 1.154734412 1.726024067 4.302905068 8.253312268 6.91625136 6.40573721 8.18038167 16.48231433 24.00632065 21.73331713 0
1.027629666 1.279689772 1.706253029 3.480368396 6.602035867 7.87203103 10.15996122 14.27047988 18.33252545 28.19195347 7.07707222000001 0
1.1702256 1.327059959 1.327059959 1.906140669 3.377970804 4.174206779 6.6352998 13.22234286 27.6993606 26.13101701 13.02931596 0
0.880456349 0.967261905 1.475694444 2.554563492 4.31547619 4.65029762 7.01884921 17.12549603 30.08432539 30.92757937 0 0
1.044256589 1.131277971 1.628543013 3.393833914 6.190949773 7.12332173 9.67180508 23.47090999 31.86225758 14.48284436 0 0
2.179656539 1.805372083 1.893439013 2.939233818 3.786878027 4.32628798 9.29106121 17.72346983 21.33421401 18.79128137 15.92910612 0
1.497710113 1.54722119 1.670998886 2.735487066 4.010397325 5.08726328 10.78103725 18.80183191 26.37702686 27.49102612 0 0
0.726819645 0.913716125 1.432873014 2.491953068 3.551033123 3.955975495 10.25854013 21.00508774 32.25002596 23.4139757 0 0
1.20347671 1.682638735 2.262090483 3.25384444 3.331847562 2.98640517 6.32939603 14.41943392 28.09226655 36.4386004 0 0
2.089652848 3.572632289 3.78609145 4.684866873 4.12313223 4.51634648 7.67329513 14.05460061 32.01887428 23.48050781 0 0
1.723704076 3.812279819 4.051333669 5.485656766 6.4921993 5.03271263 7.4484147 13.22345244 26.20785103 26.52239557 0 0
0.715472084 0.907116392 1.303181295 8.623993869 12.43132745 2.21029769 5.68544781 14.9865849 31.87683659 21.25974192 0 0
0.383522727 0.298295455 0.738636363 7.840909091 11.747159094 1.53409091 4.63068181 16.5909091 41.36363636 14.84375 0 0
0.255689082 0.242904628 0.690360522 8.386601892 9.818460756 1.5597034 5.63794426 16.2106878 29.94119151 20.03323958 7.22321657000001 0
0.318598168 0.331873092 0.836320191 8.389751759 5.19049515 0.862870040000001 3.62405416 14.70861543 34.11655383 24.79755741 6.82331077000001 0
0.277374191 0.264165896 0.581164972 6.049399022 4.926693969 0.93778893 6.94756307 18.08215559 25.72975829 19.42940166 16.76132612 0
0.236220472 0.249343832 0.616797901 7.782152231 9.632545934 0.616797900000002 3.5695538 12.74278216 26.57480315 27.30971128 10.66929134 0
0.521027168 0.372162263 0.930405656 8.013894058 6.252326015 0.769135339999998 5.45837986 21.37451929 30.52971095 25.69160154 0 0
0.540686672 0.486618005 1.230062179 7.65071641 3.865909704 2.8926737 5.44741822 13.69288997 31.25168964 20.0729927 12.8683428 0
0.508388409 0.482968988 1.029486528 7.384341637 7.625826128 5.04575496 9.55770208 17.62836808 23.34773767 27.38942552 0 0
0.767709666 0.965453065 1.965802024 6.874491105 10.2942887 5.73455857 7.30487379 15.06339421 24.62486914 26.40455973 0 0
3.536977492 6.806002148 12.98678099 25.59842801 33.81564844 5.12683102 1.21471953999999 2.23294033000001 5.21614863000001 3.39406930999999 0 0
1.650305876 3.300611751 8.578745203 21.82387252 37.94280837 8.6356523 3.55669369 4.90823731 8.50761132 1.05278134 0 0
0.849109131 0.570712695 2.241091314 4.03674833 5.66536748 5.87416481 7.5863029 14.71325167 27.99276169 30.47048998 0 0
0.405022276 0.283515594 1.12056163 1.890103956 3.29418118 7.290400974 14.22978264 25.97542864 34.41339274 10.9491022 0 0
0.696360531 0.433582972 1.327026672 2.391275785 3.849691236 5.728550784 11.28629615 23.63684141 24.87189594 19.44553935 6.22782815000001 0
1.046719428 0.970130202 2.910390605 6.624968085 4.88894562 4.69747256 7.55680368 15.19019658 33.45672708 22.64488129 0 0
0.808897877 1.502238913 2.657807309 6.370070781 5.15672396 6.1389571 9.47566084 15.34017045 28.77365304 15.22461361 8.4934277 0
1.641569983 1.555171562 2.875833128 11.157738827 5.01110837 4.19649469 6.67736362 16.63786719 27.78326339 8.40533202 14.05825722 0
1.385414662 1.327689052 2.385991918 7.196459498 3.46353665 3.79064845 8.21627863 15.83605926 34.59688282 21.78179719 0 0
0.163800164 0.327600327 0.614250615 0.85995086 0.737100737 1.064701064 4.545454546 17.035217037 34.31613431 40.33579034 0 0
1.365600691 1.417458946 3.007778738 5.462402765 2.4891962 3.26707001 6.43042351 15.86862575 36.76750216 23.92394123 0 0
1.168736304 1.059167275 3.61577794 6.884587291 1.51570489 1.05916728 2.7027027 11.44996348 36.97954711 33.56464573 0 0
1.092323807 1.526260661 3.740834954 9.157563968 3.1572647 1.33173725 2.48391441 13.33233577 37.19886279 26.97890169 0 0
0.606162654 0.875568277 2.357299209 5.6575181 1.78481226 1.26283886 4.39467924 18.0501768 37.22848964 18.0165011 9.76595386 0
0.801282051 1.107226108 2.229020979 6.264568762 3.0448718 2.5058275 7.1969697 19.08508158 33.75582751 23.96561772 0 0
1.130163679 1.130163679 2.33826968 5.832683812 3.79319304 4.84541439 8.91140556 13.05533905 19.69342687 31.48869836 7.78124188 0
1.208791209 1.25588697 3.547880691 8.96389325 3.1711146 1.97802198 3.32810047 12.18210361 27.4411303 24.39560439 12.52747253 0
0.917280917 0.933660934 2.293202293 5.847665848 1.752661748 1.68714169 5.92956593 18.78787879 36.62571662 25.1924652 0 0
0.882397688 0.517267609 0.897611441 1.719154115 0.593336377 0.882397687 2.692834322 7.774227901 25.90902176 35.95009889 22.1207972 0
0.523560209 0.471204189 1.151832461 3.089005235 1.012216405 1.396160559 5.008726002 16.54450262 38.97033159 31.7626527 0 0
0.460450584 0.526229238 1.134681796 3.732938662 1.660911034 2.400920901 5.541851665 17.28334156 40.76632133 26.4594639 0 0
0.755001888 1.069586007 2.579589782 11.866113003 3.23392475 2.76834025 3.18359129 10.20510885 31.58424563 32.75449855 0 0
0.699983721 0.716262413 1.758098649 8.448640727 3.45108253 2.88132835 3.4999186 8.46491942 26.89239785 34.08757936 9.09978838000001 0
0.489627625 0.554052313 1.713696689 10.591418633 3.38873856 1.79100632 3.33719881 13.2586007 36.86380621 27.9989692 0 0
0.528114321 0.621310966 1.94159677 11.105933523 4.39577508 2.20565393 4.75302889 15.08232371 31.46940043 27.89686238 0 0
0.664498798 0.791743249 1.922805033 11.43786229 5.17460767 2.77110137 4.0294076 13.96861304 41.9623922 17.27696875 0 0
0.735199278 0.799690442 1.728363214 10.421772216 7.39068748 3.79208048 4.70785503 13.80110924 39.12034052 17.47710563 0 0
0.755921384 0.755921384 1.679825299 9.810179743 9.08785486 4.26675626 4.35074752 9.97816227 28.90979338 30.4048379 0 0
1.290410215 1.086661233 2.295571855 8.149959247 9.87503396 6.19396903 6.5607172 12.6460201 22.54822059 23.47188264 5.88155393 0
4.423124844 3.538499876 3.76277099 7.87440818 7.52554199 3.55095938 5.4697234 8.03638176 14.04186394 35.79616247 5.98056317 0
5.784622847 3.941304876 3.662381757 7.72495756 10.42929905 3.68663595 5.05699733 10.92650982 17.20834344 14.63739995 16.94154742 0
1.664832141 2.311502477 2.449091909 5.407264723 10.08530545 3.72867364 4.27903137 10.73197578 20.69345074 38.64887177 0 0
1.680065966 2.576788291 2.257266543 5.43186972 9.40012368 5.18449804 7.23562153 11.33786848 19.717584 35.17831375 0 0
3.08982311 3.135768436 3.296577073 5.524925341 8.10934987 5.72019297 8.00597289 13.5194119 14.73696302 27.32598208 7.53503331 0
1.651507899 1.663475347 2.010531354 4.59550024 9.23887027 8.55672571 10.68693154 16.0483485 21.18238391 24.36572523 0 0
1.228527941 1.250271798 1.532941944 4.348771472 8.545335945 5.34898891 5.71863448 9.77386389 25.14677103 27.14720592 9.95868667000001 0
1.376202655 1.36402387 1.583241993 8.257215932 8.40336134 4.70101084 8.22067958 16.84325904 30.93411278 18.31689197 0 0
1.567725753 1.849916387 2.341137124 10.064799336 5.95735785 2.88461539 6.31270903 15.67725752 23.69356188 24.15342809 5.49749164000001 0
1.514218885 1.674258279 2.154376462 7.201772744 6.70934384 4.61652099 7.69420165 15.52382125 25.54474947 27.36673643 0 0
1.867116893 1.827391003 2.80067534 7.130797494 7.97497269 5.03525673 6.61436091 14.16228027 22.93177078 29.65537789 0 0
2.166101018 2.325813536 2.81493312 6.937512476 7.30684768 4.71151926 6.89758435 13.40586943 27.75004991 18.62647235 7.05729687 0
4.749223258 3.240124279 3.495339543 10.67465602 10.97425654 5.55925433 5.83666223 12.18375499 22.62538838 17.75410563 2.9072348 0
1.921408206 2.875914219 2.665179125 7.48729391 7.94595265 4.98326515 6.2600719 13.20193381 25.01549522 22.97012521 4.63617205 0
1.792298238 2.755018435 3.011061041 7.097501026 7.64031135 5.37689471 6.13478083 15.94633347 30.3461696 19.8996313 0 0
2.202138493 2.813136456 2.571283096 7.191955195 7.89205702 4.84979634 6.02087576 13.64562118 27.06211813 25.75101833 0 0
1.419068736 2.804878049 2.516629712 5.975609753 7.62749446 6.58536585 10.1773836 21.89578713 34.77827051 6.09756098 0 0
0.575157615 1.548501272 1.76971574 3.981860413 5.5856653 6.79128415 11.28193784 21.55734985 33.3148988 13.54938613 0 0
0.617283951 1.677746122 2.136752137 4.099398543 5.523899967 7.73979107 13.58024692 22.44381133 29.66128522 12.48812915 0 0
1.062817259 2.331852792 2.887055837 4.108502542 5.99619289 8.47081218 11.32614213 15.32360407 21.89086294 26.58629442 0 0
1.07826087 1.704347826 3.269565217 6.156521737 12.13913044 11.23478261 12.8347826 13.04347827 27.89565217 10.64347826 0 0
1.099868016 1.649802024 2.617685877 4.443466784 9.194896609 7.78706556 9.37087549 13.17641883 24.52705675 26.13286406 0 0
0.587820362 1.081589466 3.009640254 4.126498942 8.535151656 6.1721138 5.74888315 8.73501058 15.33035504 33.27063249 13.40230426 0
0.863149102 0.877070862 1.795907002 2.102185717 5.109285817 4.27398023 5.20673813 15.411388 27.14743143 37.21286371 0 0
0.615022245 1.203873332 1.177702172 2.185291809 5.181889562 6.03245223 7.83826224 19.02643287 35.52734886 21.21172468 0 0
0.590503736 0.988189925 1.313569535 2.422270427 5.157869367 6.67630754 7.5560376 19.99276934 27.3559894 27.92239094 0 0
0.534689619 0.912884716 0.860719875 1.264997391 2.477829943 4.238393326 5.69900887 20.50078247 31.78142931 31.72926448 0 0
0.604055803 1.078671077 1.351934417 2.22925356 4.041420969 8.528692654 8.80195599 26.20451603 35.43794046 11.72155904 0 0
0.614754098 1.079234973 1.43442623 2.827868852 4.221311477 9.11202186 14.84972677 21.07923497 27.69125684 17.07650273 0 0
0.318307834 0.46205976 0.92411952 1.755827087 2.649142622 3.799158025 4.815689492 13.14303317 30.24951227 36.44111305 5.44203717000001 0
0.23129409 0.416329363 0.647623453 1.283682202 2.694576154 3.411587834 3.122470224 9.22863421 45.56493581 33.39886666 0 0
0.386266094 0.414878398 0.615164521 1.387696709 3.047210301 3.233190272 4.806866955 18.82689556 49.65665236 17.62517883 0 0
0.289207309 0.44695675 1.012225582 2.221637965 4.180360195 4.088339689 5.95504141 16.14302616 42.28999605 23.37320889 0 0
0.48583833 1.033698573 2.170767004 3.183791607 3.607608026 2.7496382 4.33119702 12.79718834 29.88422576 39.75604714 0 0
0.549182329 1.586526726 3.331706127 2.440810349 2.611667069 2.7825238 5.24774225 16.0849402 33.30485722 24.82304125 7.23700268 0
0.515577007 1.601579641 2.029398859 2.06230803 2.731461167 3.466432646 6.89995612 18.06713471 36.14523914 26.48091268 0 0
0.504946414 1.597279472 1.916735367 2.009480627 2.390766694 3.173948886 7.34748557 17.01360264 32.78029679 26.90643033 4.33841715 0
0.535737619 1.607212858 1.581079315 1.933882138 2.665621325 3.893897815 9.23820724 20.18816151 38.20723899 20.12282765 0 0
0.656018254 1.939532231 2.153451226 3.166001141 6.816885338 10.92413006 19.85168283 29.05019966 18.56816885 6.84540788 0 0
2.642960115 5.09370495 10.908217205 19.73810668 22.56126862 14.47621336 13.5031235 8.55358001 2.41470446 0 0 0
4.205214466 2.402979695 2.727381953 2.907605436 5.442749 1.87432417 3.26805238 9.90027634 24.61852698 36.52529136 6.12759822 0
2.952121062 2.815678491 3.659141653 4.056065494 6.36318531 4.84991317 3.94443067 10.48127015 22.02927314 38.84892086 0 0
1.008666004 2.031538571 1.676374485 2.98337832 4.90126438 4.48927405 4.10569683 8.12615428 28.37050718 42.3071459 0 0
2.077314624 1.650846058 1.733388362 4.072086944 4.718668322 4.59485486 6.78222589 17.82913743 28.38079516 28.16068235 0 0
2.154934247 2.530666372 1.712896452 4.122002429 7.16101227 8.13349541 9.17228423 13.48215273 17.99093822 12.57597525 20.89733672 0
0.933672851 2.121983751 1.903722566 3.674063296 6.572086816 7.8574027 10.11276827 15.41166485 23.01442949 28.39820541 0 0
1.125082727 1.879549967 1.244209133 2.885506287 4.222369296 5.54599602 8.16677697 14.90403707 33.1436135 26.88285903 0 0
1.732612435 2.138117474 1.35168346 3.158024085 4.448267386 5.41902187 7.33595478 13.18505776 25.36249693 35.7827476 0 0
1.024871891 2.337207849 1.687289089 3.312085989 8.061492312 7.824022 8.31146107 15.23559555 29.88376453 22.32220972 0 0
1.75210902 3.595068138 2.089552238 4.516547694 9.43543154 8.37118754 8.42310188 16.27514601 30.95392602 14.56197275 0 0
1.393294064 2.741277753 1.835070231 4.519710012 8.60897146 8.03126416 9.75305845 14.54463072 27.35613955 21.20525601 0 0
0.580912863 1.964038728 1.12033195 1.72890733 3.886583679 6.12724758 10.5670816 17.30290457 17.71784232 8.99031812 30.01383126 0
1.04 2.044392523 1.431074767 2.803738317 6.220794393 8.67406542 13.96028037 22.37149533 23.56892524 17.71320093 0 0
1.059109775 2.662086733 3.349076857 6.755402895 10.31916416 7.42808072 10.7199084 15.52883927 23.12866753 19.04966366 0 0
1.963864886 3.739198743 4.634721131 7.63550668 7.80832678 5.2631579 7.69835035 12.34878241 13.3385703 9.89787903 25.67164179 0
1.274771121 1.622435971 1.622435972 2.225055047 2.862440607 2.850851782 6.4549774 17.49913084 35.50817012 28.07973114 0 0
0.724966017 0.81558677 0.883552333 1.019483462 0.996828273 1.110104214 2.831898505 11.033076576 27.09560489 29.79157227 23.69732669 0
2.052966537 2.484089509 2.648326832 2.48408951 2.833093822 2.48408951 4.92711969 12.33832888 32.1905153 24.1223568 11.43502361 0
4.270650264 0.808435852 0.984182777 1.247803163 1.370826011 1.599297013 5.25483304 16.57293497 26.16871705 22.70650264 19.01581722 0
1.349128003 2.286936492 1.924975321 2.385653175 2.796972689 2.73116157 6.91016781 22.06317868 31.60579138 11.86245475 14.08358013 0
4.769992923 3.142250531 2.830856336 3.42533616 3.72257608 2.80254777 4.26043878 10.41755131 23.72257608 21.10403397 19.80184006 0
12.74214378 2.19543693 2.7981059 3.85995121 3.78820491 3.04204334 4.62046204 11.50810734 22.09786196 24.1785048 9.16917779000001 0
16.1021733 2.46965848 3.93734124 5.46147332 4.71351962 3.37284787 4.86875529 9.4129269 13.92887384 35.73243014 0 0
10.20376176 2.39811912 4.51410658 6.03448276 5.53291536 3.68338558 4.96865204 9.92163009 18.18181818 34.56112853 0 0
4.247910864 1.160631383 2.537913959 2.027236149 1.957598265 1.31538224 2.0194986 4.48003714 8.45713402 10.19034355 61.60631383 0
2.324874639 3.206199666 3.692447956 5.379121719 6.30603251 3.38854278 3.98115788 7.43048169 23.47667527 37.09162742 3.72283847 0
2.431512401 3.857999676 4.052520663 5.99773059 6.67855406 6.30572216 9.93678068 21.12173772 21.20278814 18.41465391 0 0
4.119963647 4.30172675 5.649803093 7.78551954 9.2093305 9.14874281 11.81460163 18.61557104 16.22235686 13.13238413 0 0
4.500236855 4.942365387 6.047686718 9.88473078 9.72682773 7.16879835 7.89515238 13.69019422 18.22201169 17.92199589 0 0
2.942579927 4.358199459 5.264832194 8.93908064 7.93701289 4.96262128 5.80563066 12.16796565 24.27230793 23.34976937 0 0
3.658349916 3.780805143 5.678861171 7.50038267 6.68911679 4.42369509 4.54615031 10.25562529 31.63936935 21.82764427 0 0
2.404348735 3.679698934 5.059586031 6.10495505 5.33138198 3.32427347 3.38699561 7.35939787 18.27305038 45.03449718 0 0
3.779244151 6.978604279 9.15816837 10.59788042 10.85782843 8.43831234 8.29834033 7.3785243 19.51609678 14.9170166 0 0
1.612903226 2.284946236 3.66568915 12.390029328 5.95063538 3.56793744 5.48631476 10.83822092 20.77223852 33.43108504 0 0
3.266501464 3.131335887 4.235188109 12.48028835 5.20387475 2.27528722 4.03243974 9.39400766 29.48862356 26.46992566 0 0
2.525523912 2.391187533 3.358409458 9.363245567 4.55400322 2.71359485 5.14508328 11.59322945 23.14615798 27.36432026 7.84524449 0
4.261796043 5.069663973 5.631659054 10.05737033 6.29902822 3.57101042 5.18674628 10.45545019 26.65964172 22.80763377 0 0
1.878040502 3.145152167 4.027604933 8.813214168 7.70449145 4.5480258 6.76547121 11.39269148 17.44541237 34.24595543 0 0
1.43557024 2.062208044 2.084994873 3.33827048 5.411871933 6.65375413 13.15939388 18.37757776 22.71846872 24.64395579 0 0
1.27349909 1.697998788 2.171012734 2.789569437 3.626440271 4.66949666 6.9375379 12.10430564 35.20921771 29.52092177 0 0
1.187007662 1.45678213 2.093449876 2.665371749 3.226502643 3.69051473 4.74803065 8.68673788 24.19337434 41.49131327 6.56091506999999 0
0.741804259 0.933237617 1.459679349 1.818616894 2.273271118 2.656137832 4.426896391 9.02129696 38.07130892 38.59775066 0 0
0.714869281 0.714869281 1.715686275 3.288398692 3.390522876 4.084967325 7.96568627 14.09313725 33.7009804 30.33088235 0 0
0.741656366 0.7210548 1.73053152 3.625875567 4.202719407 4.86196951 7.9934075 14.5447054 19.57148743 42.0065925 0 0
0.632911392 0.652090526 1.841196778 4.929037207 6.290755657 6.23321826 6.65515919 8.47717683 19.19831223 45.09014193 0 0
0.90789281 0.746815054 1.683994728 5.520574022 7.116708156 4.42231659 4.39302973 9.37179675 30.91228584 34.92458632 0 0
1.356890459 1.187279152 2.120141343 5.696113076 8.46643109 5.42756184 6.82685512 14.51590106 33.30035336 21.1024735 0 0
0.97020097 2.162162162 2.633402634 4.851004854 5.48856549 4.94802494 7.30422731 17.85169785 29.84060984 23.95010395 0 0
1.116765621 2.657619451 2.756573367 4.509471301 4.66497032 5.54141928 7.95872208 13.44359627 26.53378569 17.76929601 13.04778061 0
1.550387597 2.92996978 2.351859152 2.956247536 3.810274605 4.88766259 8.55340954 17.46156878 27.64419919 27.85442123 0 0
0.796758947 2.147197839 2.309250506 3.673193788 3.98379473 5.10465902 8.34571235 16.75894666 32.0729237 24.80756246 0 0
0.662891866 1.781521889 2.071537081 3.853058969 4.170694655 5.01311974 8.27233807 12.6087557 23.6707637 20.99157575 16.90374258 0
0.963275135 1.399759182 1.685731487 3.567128236 4.56050572 5.2679109 8.44370861 14.72004816 31.96869356 27.42323901 0 0
1.175656985 1.493775933 1.770401107 3.208852005 3.77593361 4.52282158 8.03596127 13.8450899 31.02351314 31.14799447 0 0
0.867087824 1.176762046 1.709401709 3.220611917 3.282546764 4.23634336 7.79140345 14.08398365 29.23324662 34.39861266 0 0
0.852985449 1.103863522 14.362769699 3.76317109 3.82589062 4.92975414 10.43652785 16.38233818 28.22378324 16.11891621 0 0
1.138043157 1.064144251 2.024830032 4.522613065 4.581732195 5.88235294 10.43452557 16.02128288 20.70647355 26.91398167 6.71002068999999 0
1.5722418 1.002981838 2.222824614 4.974247763 4.391433995 4.78449444 6.30252101 10.11114123 16.04770941 28.99159664 19.59880726 0
1.570764546 1.843244109 2.612598173 6.106747872 7.22872256 7.50120211 9.39253086 14.23305016 26.14200994 23.36912967 0 0
2.037120869 3.214124038 4.089331523 11.16644032 14.35038479 15.36140033 11.36260752 12.76595744 11.46823601 14.18439716 0 0
3.394255875 4.421235857 4.212358568 9.64316798 12.27154047 13.19408181 15.03916449 13.24630113 11.24456049 13.33333333 0 0
2.791085191 2.249531347 3.540928973 11.497604669 12.30993543 9.58133721999999 7.35263487 9.08144136 16.5590502 12.30993543 12.72651531 0
1.58290463 1.20696478 2.097348635 4.550850811 7.123070834 4.23426989 6.45033636 12.94024535 14.34507321 36.74317373 8.72576177000001 0
1.363636364 0.847107438 1.280991735 2.789256199 6.177685954 3.8429752 3.49173554 7.80991736 24.31818181 32.2107438 15.8677686 0
0.745077169 0.567677843 0.886996629 3.707645911 10.502040088 6.67021466 6.35089586 11.12293774 23.16835196 36.22494234 0 0
0.658100909 0.42306487 0.955813224 8.712002507 8.83735506 2.55405829 3.619555 7.50548417 30.64869947 36.0858665 0 0
0.439709116 0.52426856 0.761035008 2.638254693 4.194148486 4.075765267 5.0904786 11.07728734 30.62743108 40.57162185 0 0
0.206540448 0.327022375 0.430292599 1.256454389 1.635111876 1.721170396 2.47848537 27.125645437 25.00860585 9.77624785 30.03442341 0
0.516838946 0.800266756 1.067022341 3.101033678 2.917639213 2.667555856 2.51750583 13.18772924 28.54284762 44.68156052 0 0
0.50213025 0.654290931 0.989044431 3.286670724 2.388922702 1.552038953 1.445526479 10.55995131 25.19780888 45.35909921 8.06451613 0
0.645364395 0.897213914 1.463875335 5.635133008 3.242562568 1.84164962 2.53423579 18.43223674 38.87926963 26.428459 0 0
1.022864019 0.797232251 1.504211793 4.437424789 2.993381468 3.7755716 6.52827918 12.84596871 32.76173286 23.6612515 9.67208183 0
0.815478094 0.591621362 1.007355293 1.982731052 1.071314359 2.942117045 5.468500155 10.93700032 37.12823793 24.62424049 13.35145507 0
0.821450713 1.487910725 3.642281463 8.121512709 1.70489771 2.29386237 5.34717916 9.2684439 32.00557966 35.29138252 0 0
1.098127552 1.140363227 3.67450373 9.277769961 1.49232718 0.788399269999999 2.54821906 10.12248346 22.5820076 37.4912009 9.77051949999999 0
0.869993434 1.034143139 3.447143795 9.028233752 1.24753775 0.738673669999999 2.38017072 12.45896257 17.1700591 51.62508207 0 0
0.551153979 0.75783672 2.807440579 10.678608332 1.82569756 1.22287289 3.16913538 8.11229762 16.68963141 46.88253531 7.30279022000001 0
0.790513834 0.92226614 3.458498023 13.389328063 2.30566535 1.86100132 6.60408432 20.42160738 35.07905138 15.15151515 0 0
1.26011201 1.011200996 3.018046048 7.545115126 2.75357809 1.71126322 3.67143747 15.19912881 26.89794648 36.93217175 0 0
0.976058932 1.454880295 3.683241252 8.545119701 4.88029466 3.13075507 3.68324125 7.71639042 26.22467772 39.7053407 0 0
1.737567406 1.378070701 3.714799281 11.503894552 7.07010185 8.86758538 12.40263631 12.46255243 22.82804074 18.03475135 0 0
1.215362178 0.923675255 2.139037433 4.861448712 4.278074862 4.08361692 3.88915897 5.78512397 22.50850753 27.41857074 22.89742343 0
9.726011149 4.661368761 7.92314079 6.71331989 2.07567311 1.81473135 3.33293797 11.67121337 28.50195707 23.57964654 0 0
4.922935358 3.358638141 6.958822181 6.42972164 2.74902232 3.784219 7.31538992 18.7715666 40.85576259 4.85392225 0 0
5.222581447 3.034071127 6.938572496 6.51579209 2.64859488 3.20815717 6.27953246 11.98706789 34.10843074 20.0571997 0 0
4.86 2.47 4.71 5.71 2.67 2.5 2.02 4.01 25.62 45.43 0 0
4.141886151 1.64613424 3.334749363 7.933305016 4.27994902 2.17714528 3.16482583 8.37935428999999 33.99532711 30.9473237 0 0
5.444290976 2.532228361 4.017034993 8.98941068 8.14917127 3.80985267 3.80985267 5.95073665 15.83793738 29.58103131 11.87845304 0
3.310289817 1.701675086 3.203935124 7.418239833 7.20553044 3.09758043 3.46982186 6.12868918 13.90587609 23.41132678 27.14703536 0
2.317785653 1.369600613 2.863710372 4.942055362 5.14318552 3.65865338 4.67388181 7.901542 11.86667944 31.75941002 23.50349583 0
2.474580424 1.347543795 2.131569276 2.69508759 3.577116255 3.39336029 5.41467597 10.02082568 24.04753154 24.54979787 20.34791131 0
3.987858489 2.260833158 2.710906427 5.306677836 7.48377642 5.08687461 6.19635755 11.11576303 24.272556 12.8113879 18.76700858 0
2.639215144 1.492331077 2.183225093 4.656625676 7.06093685 5.5547879 6.7431256 13.99751278 27.99502556 27.67721432 0 0
4.219910847 2.199108469 2.912332839 5.349182765 4.62109955 6.3744428 8.15750371 15.23031204 26.35958395 24.57652303 0 0
3.396507666 1.724872232 2.512776831 6.068994891 5.73892674 3.21550256 6.16482112 14.71465077 35.77512777 20.68781942 0 0
2.816581488 2.23282226 2.010221465 4.315729697 7.0528109 3.32765475 3.52072686 9.41510505 21.95343555 26.06473594 17.29017604 0
4.16464891 2.905569008 2.554479419 4.104116223 6.82808717 4.85472155 4.86682808 9.91525424 20.82324455 34.53995158 4.44309927 0
6.868190558 4.379406112 4.68916898 2.95876949 3.66374706 3.75988037 5.57573168 10.02990814 17.82738731 33.1553087 7.09250160000001 0
6.178967995 1.881123449 1.711299804 3.030698892 4.16721097 4.59830176 8.98758981 16.36838668 17.0346179 27.06727629 8.97452645 0
3.355932203 1.457627119 1.90960452 4.305084748 5.49152542 4.6779661 7.70621469 11.25423729 10.92655367 18.18079096 30.73446328 0
3.068751844 1.563883152 2.468771515 3.737582379 5.41949444 6.31454706 9.609521 14.83230058 19.86820104 27.35320154 5.76374545 0
0.906524001 2.793877247 2.94248774 6.553722692 11.82939516 5.75122603 6.62802794 11.78481201 22.39560113 4.60692525 23.8074008 0
1.644215531 3.24881141 2.9318542 6.675911249 9.72662441 3.90253566 5.44770206 12.7377179 16.20443741 37.48019017 0 0
2.059819413 3.075620768 3.16027088 6.447516929 9.66422122 6.5744921 6.2782167 11.87923251 21.12020316 20.92268623 8.81772008999999 0
1.919720768 2.941909748 2.580403889 8.376963355 11.99202194 5.83395662 6.05833956 13.37571678 26.98828222 19.93268512 0 0
1.461352657 2.68115942 3.115942029 9.347826084 13.26086957 4.51690821 6.147343 13.36956521 23.82850242 22.2705314 0 0
1.122614444 2.108020457 2.207808407 7.583884242 12.99738057 4.12872646 6.2492204 14.71872272 32.94249719 15.94112511 0 0
0.655097115 1.884840823 2.057234801 7.102631881 13.03298471 4.60866568 7.56234915 17.17044018 33.34099529 12.58476037 0 0
0.751626655 1.458380076 1.873457483 4.902400718 8.884900158 5.10433027 8.04352703 14.86425847 25.93672874 28.1803904 0 0
0.552350558 1.595679392 1.804345157 4.480176753 7.94157358 4.73794035 5.91628821 11.57481281 30.33018289 23.13735117 7.92929913 0
0.614574188 1.216606045 2.119653832 4.038630377 6.986078018 5.17998244 6.6098081 14.63689953 24.09381664 22.77687194 11.72707889 0
3.918010035 3.789900716 4.665314399 6.67236042 6.82182128 4.81477528 7.09939148 13.91053699 17.48692217 23.23049002 7.59047721 0
2.669270833 3.723958334 4.283854163 5.234375 5.61197917 4.3359375 5.37760417 10.2734375 25.44270833 33.046875 0 0
1.648351648 2.349777882 2.957680617 4.150105213 4.83984101 3.53051204 5.44774375 11.38648585 23.32242226 30.66401684 9.70306289 0
0.989978 1.478856026 2.35883647 3.348814471 3.947690053 4.74211684 5.939868 11.89195796 22.02395502 24.99388903 18.28403813 0
1.169811321 1.949685534 2.163522013 2.767295597 4.289308175 5.15723271 7.86163522 15.37106918 33.66037736 25.61006289 0 0
0.968580203 1.72454524 2.409638554 2.964800378 4.275927235 4.90196079 7.22891566 14.83581384 26.37609261 26.529648 7.78407749 0
0.814518434 1.214632752 2.000571592 2.857959417 4.158330955 4.97284938 9.04544156 19.33409545 38.15375822 17.44784224 0 0
0.864177401 1.19028208 1.956628078 4.125224197 6.994945374 8.83743682 13.81053318 17.13680092 24.60459807 20.47937388 0 0
0.730110775 1.183282981 1.334340383 2.265861027 4.783484394 7.40181269 10.90130916 11.20342397 31.92346425 28.27291037 0 0
2.375985165 1.553082985 2.526657395 5.470560965 11.02225313 5.72554474 5.87621696 15.75104312 36.9726472 12.72600834 0 0
2.048123747 1.346319106 2.162704096 4.568891431 7.89172157 4.06760241 5.07018046 20.10885134 32.88456029 19.85104555 0 0
2.578290558 1.895455616 2.813750883 5.615728753 7.85260183 4.55615729 4.03814457 10.00706381 36.60230751 24.04049918 0 0
2.683190952 1.864998195 2.610997473 5.41451089 6.34099386 3.48935146 4.65647937 13.84911563 41.04199254 8.65118518 9.39718445 0
2.084641467 1.268366193 1.996734899 3.45347231 4.797186991 3.52882079 7.09531584 17.98317217 36.82029386 20.97199548 0 0
1.833260585 1.353120908 2.040593627 3.80838062 7.4094282 5.56525534 10.89044086 20.38411174 24.91270188 21.80270624 0 0
2.211302211 1.388206389 1.99017199 3.882063882 6.142506138 5.87223588 7.51842751 14.87714988 23.77149877 10.93366094 21.41277641 0
3.892123812 2.349576055 2.135049546 2.717335787 3.24854428 3.56522628 7.11002145 12.80008172 19.28695475 32.80212483 10.09296149 0
2.218491426 1.439021465 2.122556662 2.758124475 3.333733062 3.86137427 8.53819402 17.1123636 31.29871687 21.20158292 6.11584123 0
1.597038604 1.290322581 1.9566367 2.400846113 3.363299842 4.10364886 9.64569011 20.82496034 27.35060815 15.45214172 12.01480698 0
1.810098444 1.217317667 1.56663491 1.66190325 2.529903673 4.191806926 10.65946861 19.15952154 29.28972161 27.91362337 0 0
0.713366858 0.958952169 1.777569875 4.467313764 6.256578174 4.87662262 8.23295521 16.30218688 32.73301368 23.68144077 0 0
0.769230769 1.087533157 1.856763925 4.694960213 5.557029176 4.57559682 7.4403183 13.67374005 31.94960213 28.39522546 0 0
1.20135152 1.689400576 2.189963709 5.305969215 5.1432862 4.26730071 7.03291203 16.45601301 28.15667626 28.55712677 0 0
0.909665193 1.730890714 4.384080859 10.890713834 5.57169931 3.44914718 6.68351232 14.84523058 23.19646241 28.3385976 0 0
1.284283848 1.534610362 5.10448411 9.49063996 4.07052678 1.89377449 3.05833696 9.94775794 27.51414889 36.10143666 0 0
0.205338809 1.528633356 4.59730778 9.582477755 4.30070728 2.86333561 5.08783938 10.51791011 35.60346794 24.77754963 0 0
0.956551804 1.09484845 3.51503976 9.473320276 5.50881641 4.21804771 7.36429642 23.752449 34.90837847 9.20825170000001 0 0
0.894823789 0.894823788 2.904735683 7.29625551 3.70319383 3.125 4.9972467 15.37720264 37.7064978 23.10022026 0 0
0.697865353 0.793650794 2.422003284 5.405035577 2.476737822 2.77777778 4.80295566 13.6152162 44.49917899 22.50957854 0 0
1.057480892 1.382054235 3.580776882 7.883991201 2.96304052 3.51795624 6.64851848 12.37566747 30.55177468 30.0387394 0 0
1.736815416 1.939655172 4.297667343 7.631845839 5.62880325 6.61764706 9.45740365 19.90365111 24.26470589 18.52180527 0 0
0.531222897 1.05160451 3.15481353 5.323070253 3.19817866 5.40980052 9.00910668 17.09670425 28.7727667 19.23243712 7.22029488 0
0.428112736 0.856225473 2.87786895 5.482221429 2.259483882 3.79355453 8.05089785 20.29967891 26.38839339 29.56356285 0 0
0.68310756 0.752576126 2.327196944 5.21014241 2.03774459 3.51974065 8.0467755 14.59997684 26.22438347 28.48211184 8.11624406999999 0
0.802299126 1.113639085 2.742186564 7.136869835 2.27517663 2.27517662 5.96335768 14.01029817 33.97197941 29.70901688 0 0
0.967254408 2.226700252 3.335012594 9.602015116 3.53652393 3.8790932 10.22670025 20.49370277 31.37531486 14.35768262 0 0
1.820005732 3.210088851 6.506162227 28.28890799 11.02034967 9.51562053 16.89595872 17.59816567 5.14474061 0 0 0
1.911449191 2.106495026 9.927833043 63.50692412 13.67271309 3.86190755 3.47181588000001 1.5408621 0 0 0 0
2.314998021 2.097348635 14.701226754 65.84883261 11.75306687 2.07756232999999 0.870597550000014 0.336367229999993 0 0 0 0
2.648380232 3.617876566 22.582170722 59.77772523 6.26625679999999 1.44242138 1.6788839 0.614802550000007 0 0 0 0
7.772248244 2.620023416 4.05444965 6.13290398 5.07903982 4.30327868 5.10831382 7.59660422 13.23185011 44.10128806 0 0
7.343703261 2.258450493 4.457074486 5.93778043 2.318277 1.98923123 3.64941669 7.6577924 12.36912953 52.01914448 0 0
4.414831981 2.12050985 4.055619929 7.26535342 5.09849363 3.02433372 3.90498261 11.34414832 28.45886443 30.31286211 0 0
4.069691848 2.275386815 3.042517228 5.018853209 10.4017683 5.46092835 4.51176701 9.45260694 31.86841763 23.89806267 0 0
4.925222085 2.766220623 3.811986952 7.30911954 9.3781626 6.46575958 7.06173395 12.97649837 25.0084336 20.2968627 0 0
5.869497346 3.746487668 5.416796756 5.83827661 4.4957852 3.85576023 5.72900406 10.81798314 29.25382454 24.97658445 0 0
3.87446188 2.291348424 3.888348836 4.54103597 2.38855715 2.80516595 4.79100125 11.33175947 24.46882378 39.61949729 0 0
2.965328467 1.444647202 1.870437956 3.178223845 2.75243309 3.90815085 5.91545012 14.08150852 18.59793187 45.27068127 0 0
2.709847984 1.41440846 1.546596167 3.132848645 2.630535364 4.08460013 6.43754131 12.58426966 20.29081295 45.16853933 0 0
5.623265355 4.307952215 1.54458791 2.34101605 1.61699046 2.2565464 5.97321106 11.86195245 31.06069748 33.41378062 0 0
5.020302695 1.316598991 1.107419712 1.870308847 1.095115045 1.62421558 5.73397318 16.46363972 34.9944629 30.77396333 0 0
2.810133955 1.587070471 1.790914386 3.509027373 1.616191035 1.89283634 5.50378567 14.13803145 26.06290041 41.08910891 0 0
6.390877751 1.577830814 2.598780165 5.30363299 2.14797136 1.44523999 3.5534341 7.98196765 20.07425086 48.92601432 0 0
6.481724954 2.143044964 2.734683142 4.93031817 5.62713647 4.6016303 8.26978701 15.69813305 24.90139364 24.6121483 0 0
7.298178853 4.580048927 4.48491438 4.81108997 6.98559391 6.45555858 10.41043761 16.07773852 21.26936668 17.62707257 0 0
4.738856371 2.656461054 2.825303915 3.66951824 6.58487168 7.18144979 8.99369654 17.22197208 24.81990095 21.30796938 0 0
4.126344086 1.922043011 2.123655914 3.131720429 6.42473118 7.94354839 10.59139785 15.84677419 27.21774194 20.67204301 0 0
3.732669748 1.81301102 2.132954141 3.519374331 6.63585733 7.19279536 8.08152624 13.03471976 27.01741912 26.83967295 0 0
3.3958033 1.71391959 2.402691014 4.901489666 7.38427038 6.7916066 7.51241391 12.76629825 19.33365369 33.7978536 0 0
4.164045792 2.906025915 5.107560703 8.21486979 10.76865015 9.71191344 8.36583218 10.98251353 15.2723613 24.5062272 0 0
0.337600225 0.492333662 1.209734139 3.910535941 3.488535659 2.503868334 4.95146997 14.02447602 40.30102686 28.78041919 0 0
0.262559076 0.402590583 1.015228426 3.378260109 3.938386136 2.48555925 5.51374059 15.77104849 32.25975844 34.9728689 0 0
0.379266751 0.726927939 1.501264223 4.851453856 4.804045511 2.98672566 4.93046777 10.57206068 27.022756 42.22503161 0 0
1.036729858 1.481042654 2.088270142 6.013033176 5.22808057 3.19905213 6.57582938 14.8400474 29.90225118 29.63566351 0 0
0.55189603 0.623108421 1.904931458 9.239807731 6.2310842 1.86932527 2.67046466 6.78298024 23.99857575 46.12782624 0 0
0.419727177 0.393494229 0.996852046 4.354669465 3.029905561 1.128016792 1.49527807 5.9679958 15.70041973 66.51364113 1.4210854715202e-14 0
0.34375 0.375 0.6875 2.296875 3.828125 1.265625 2.25 16.9375 35.46875 36.546875 0 0
0.458463231 0.440124702 0.861910875 2.328993215 3.282596735 2.017238218 2.292316154 11.2231799 29.45167798 47.64349899 0 0
0.613496933 0.467426234 0.964066608 3.111305872 3.958515922 1.898919081 4.2068361 26.17586912 32.74905055 25.85451358 0 0
0.478850758 0.49481245 0.973663209 4.006384676 4.996009577 2.39425379 1.80367119 6.735834 38.77094972 39.34557063 0 0
0.83504449 0.739219713 1.108829568 3.422313484 5.462012325 3.62765229 4.81861738 10.0752909 32.77207392 37.13894593 0 0
1.504543423 5.511693729 3.962460898 4.82645613 6.34589602 8.34202294 10.30835692 17.42886936 18.57589751 23.19380307 0 0
0.990387416 4.995630644 4.22371104 5.37430819 6.17535683 8.06874453 9.42324498 17.6958928 31.05155841 12.00116516 0 0
0.753238927 1.97348599 2.003615547 3.163603495 3.329316061 3.47996384 6.61343779 13.6185598 22.31093703 42.75384152 0 0
1.181313764 2.291032755 2.505817075 3.812421693 3.150170033 3.23966351 5.70968319 15.53606587 26.8301414 35.74369071 0 0
0.899082569 1.321100917 2.128440367 3.633027523 2.899082564 2.73394496 4.25688073 9.54128441 20.56880734 52.01834862 0 0
0.823754789 1.685823755 2.605363985 3.888888889 3.199233712 2.73946361 3.79310344 8.52490422 26.64750958 46.07279693 0 0
1.262386317 1.099497761 4.370842948 10.356997424 2.8369757 3.217049 6.13546898 14.00841591 29.4421067 27.27025926 0 0
1.123412569 1.090849886 2.784109411 8.059264084 3.14229892 3.66330186 7.86388799 14.39270595 35.55845002 22.32171931 0 0
0.949817952 0.649042266 0.902327054 1.408896629 1.678011714 2.801962957 5.413962328 11.6669305 36.06142156 38.46762704 0 0
1.007905138 0.731225297 0.988142292 1.403162056 1.798418972 3.14229249 6.699604745 16.06719367 39.03162056 29.13043478 0 0
0.708980419 0.472653612 0.995948683 2.464550979 2.869682647 4.52397029 7.66374072 12.91357191 33.20391627 34.18298447 0 0
0.923215492 0.720558433 1.733843729 5.043909029 5.021391577 7.88110786 10.22292277 14.3886512 24.36388201 29.7005179 0 0
0.73985203 0.439912017 1.319736053 3.019396121 1.939612077 2.999400122 5.69886023 14.11717656 18.93621276 50.78984203 0 0
0.815475062 0.587900625 1.232694861 2.88260952 2.067134459 3.565332823 8.53404135 19.96965674 41.49440546 18.8507491 0 0
1.408186256 0.920015021 1.858805858 3.9241457 3.041682315 4.4874202 8.59932407 12.61734886 16.57904618 46.56402554 0 0
4.14686117 1.360432716 2.114407474 2.311096542 1.098180628 1.13096214 3.16341583 9.08047861 29.12637272 46.46779217 0 0
0.732318366 0.635960686 0.905762189 1.194835228 1.079206013 1.464636732 3.969936404 13.123915972 37.34823666 39.54519175 0 0
0.958950202 0.874831763 1.413189771 2.01884253 1.261776582 2.439434724 8.546433378 18.90982503 32.20053836 31.37617766 0 0
1.462934309 1.266000844 1.786467857 3.390068927 2.011534674 2.672668449 8.63693909 17.7943452 27.21901814 33.76002251 0 0
2.452234091 1.444260568 3.069053709 5.461110272 1.79028133 1.92568076 6.61952761 18.02316834 26.19226719 33.02241613 0 0
1.822997819 1.262075413 3.287628544 6.544094734 1.90090371 2.64880025 4.06668744 5.65596759 20.08413836 52.72670614 0 0
2.157612854 1.101759755 2.264728386 5.753634275 2.37184392 3.70313695 8.6151492 14.18515685 17.56694721 42.2800306 0 0
4.109589041 2.360125433 3.51543159 5.033833966 0.973758050000001 0.990262419999999 2.80574352 6.4532101 15.1015019 58.65654398 0 0
6.72995423 2.88184438 3.288693 2.91574843 1.01712155 0.779793180000002 1.28835396 6.67909815 27.41142567 47.00796745 0 0
5.485837218 1.936177841 2.47400502 1.972032991 0.53782717 0.609537469999999 1.25493008 5.52169237 34.47472212 45.73323772 0 0
4.854508787 2.045520023 2.938634399 2.837798901 0.907519450000001 0.87870931 1.91587438 10.05473927 32.39700375 41.16969173 0 0
3.436185133 1.788218794 2.9628331 4.084852733 1.80575035 1.73562413 5.0315568 8.90603085 30.13674615 40.11220196 0 0
1.516207738 0.888811432 2.370163821 7.929592189 4.70547229 4.14778669 8.4872778 12.21680027 24.90414779 32.83373998 0 0
1.174135935 0.826856293 2.034066479 7.937820403 6.3337192 3.63816769 4.69654374 13.32892343 32.39622954 27.63353729 0 0
1.778465107 1.101875121 2.049101102 6.88188672 6.22462787 5.10342162 6.59191958 15.21360912 30.71718539 24.33790837 0 0
3.231226574 1.977510663 3.334625824 7.573995089 6.12640558 5.90668218 7.57399509 13.86842445 29.84360864 20.56352591 0 0
0.396012294 1.085585941 2.16723146 5.831822839 6.755851526 7.11640003 9.13586571 13.48214989 22.93324928 14.81795255 2.81346048 13.464418
3.344991481 6.229635608 15.741488061 16.79371058 11.38612381 7.66747377 7.35957911 10.03198517 13.29925568 8.14575673 0 0
0.82 0.99 1.66 3.22 4.79 6.04 8.54 13.88 27.75 26.94 5.37 0
0.48 1.2 1.81 3.37 4.9 4.81 5.71 9.33 22.9 30.44 15.05 0
0.24 0.13 2.99 1.57 3.92 4.62 6.84 9.54 26.67 25.39 18.09 0
0.31 0.5 1.93 1.92 2.97 4.33 8.15 16.38 32.54 25.24 5.73 0
0.28 0.17 0.65 1.16 2.21 3.51 6.16 13.09 22.31 23.93 26.53 0
0.19 0.42 0.76 1.27 2.44 3.75 5.84 11.01 24.26 37.76 12.29 0
0.3 0.82 0.93 1.57 2.53 3.9 7.25 11.46 33.76 37.08 0.400000000000006 0
0.08 0.09 0.15 0.26 0.85 1.66 4.57 10.05 24.39 47.93 9.97 0
0.45 0.47 0.89 1.47 3.67 5.29 8.03 13.8 26.46 36.45 3.02 0
0.09 0.08 0.34 0.64 1.98 3.19 6.88 12.29 32.12 29.99 12.4 0
0.29 0.41 0.86 0.84 1.67 2.44 5.45 10.07 29.8 42.92 5.25 0
0.3 0.34 0.86 3.88 4.39 5.31 9.04 11.88 32.05 31.95 0 0
0.22 0.39 0.76 1.99 3.43 4.08 6.08 9.46 29.3 39.15 5.13 0
0.61 0.79 1.85 2.65 3.69 4.64 8.69 15.48 29.03 17.5 15.07 0
0.09 0.06 0.37 0.63 1.36 2.49 5.98 11.68 22 24.82 6.70999999999999 23.81
0.1 0.1 2.74 2.63 3.94 4.74 8.78 15.52 14.49 39.95 7.01000000000001 0
0.07 0.1 1.29 1.05 1.86 2.97 5.7 10.69 24.98 32.59 18.7 0
0.03 0.65 1.08 0.15 1.32 3.24 4.97 11.1 32.1 33.93 11.43 0
0.02 0.14 0.11 0.21 0.74 1.53 3.82 11.02 34.32 40.04 8.05 0
0.01 0 0.13 0.22 0.81 2.36 11.71 9.87 42.72 27.82 4.34999999999999 0
0.36 0.416171225 1.169242964 2.596115736 5.568767345 8.79904875 15.87891399 24.37574316 22.18588981 15.33392787 3.31450654 0
0.22 0.358593436 1.218485857 1.921036262 3.77986754 5.144718065 8.78553917 15.3902448 29.90961981 21.28508178 11.98681328 0
0.26 0.782605343 2.563707159 3.731832376 9.622576042 9.04044104 9.58402405 12.43687112 16.52723698 14.51482324 2.01626894 18.9174602
1.37 1.752347759 2.463936489 2.5994772 4.690676732 4.60354343 7.37728724 14.14464131 20.34562881 30.20137477 10.4463162 0
1 1.338642136 6.521589895 17.553374069 15.39781698 10.97000069 14.34063293 15.30170935 15.54884327 2.02512528999999 0 0
0.45 0.447713463 1.357353516 2.0502434 2.675620936 3.674093025 8.71619941 14.91667555 39.62619479 19.91258928 6.1684966 0
1.19 1.064139942 2.084548105 3.007774538 3.702623905 4.85422741 8.5228377 15.34499514 28.26530613 31.96307094 0 0
1.91 1.659475606 1.896543549 2.290076336 4.452135979 4.06808592 6.32497273 12.3702053 20.08913755 28.12099948 16.81836755 0
0.05 0.241850683 1.277602524 3.927444795 6.256572028 7.71293376 12.60252365 18.81177708 29.78443744 19.3322818 0 0
0.34 0.772874595 1.894789329 6.251558215 3.770880081 5.69683371 10.35277985 18.03166293 27.02567938 20.35651957 5.50642234 0
0.03 0.02 0.77 2.33 3.54 4.96 8.25 17.68 28.68 24.65 9.09 0
0.17 0.4 1.26 2.09 3.31 4.77 9.28 17.74 32.85 28.13 0 0
0.01 0.11 1.36 2 2.98 4.22 10.06 19.56 34.99 22.83 1.83 0
0.238927082 0.804688381 1.480897103 5.529133326 4.796573878 5.75453623 10.23103798 17.73470078 26.53443029 21.93621098 4.92054548 0
0.142566191 0.36077975 0.957230143 1.524585394 2.99389002 4.009310446 10.002909516 21.48385219 30.42769858 26.20017457 1.77771312 0
0.09 0.16 0.68 1 2.38 2.82 5.39 10.27 25.45 41.36 10.4 0
0.23 0.3 0.73 1.33 2.5 3.24 5.72 12.19 24.55 46.69 2.52 0
0.08 0.12 0.62 1.05 2.12 2.98 5.22 11.13 22.69 39.05 14.93 0
0.29 0.18 0.47 1 2.3 3.47 6.85 11.36 25.16 34.33 14.59 0
0.31 0.36 1.06 3.41 6.8 5.34 7.5 12.96 24.97 37.29 0 0
0.43 3.618526124 1.186402007 1.592516542 3.194159247 5.0832763 9.3315081 15.54642938 30.10266941 23.28542094 6.62909195 0
0.52 0.624544128 1.030269876 1.349380015 2.552881109 4.453865792 8.38803793 15.25346462 31.1360321 25.40572574 9.28579868999999 0
0.11 0.109926349 0.472683303 0.560624381 1.247664065 2.451357591 5.567769591 10.75079697 28.32802023 22.71078377 1.08277454 26.60759921
0.11 0.245602011 0.765364404 1.119488234 2.261823167 3.684030157 7.059629887 12.91409641 26.27941512 39.41626685 6.14428375999999 0
0.33 0.543777533 1.658865639 2.250825991 3.90969163 6.270649777 9.84306168 16.25825991 28.79267621 30.14179515 0 0
1.93 1.46 1.23 1.65 2.8 4.58 8.51 14.31 32.82 24.06 6.65000000000001 0
0.9 1.16 1.56 2.1 5.09 5.73 10.54 18.1 32.1 20.74 1.97 0
0.59 0.42 0.8 1.58 2.12 2.83 5.53 14.62 26.76 38.3 6.43000000000001 0
0.68 0.15 0.71 1.45 2.28 2.88 7.48 16.03 28.79 30.82 8.72 0
0.686695279 1.483369099 2.057403433 4.696888412 3.744635197 4.02360515 6.74356223 13.03916309 24.43669528 28.15450644 10.93347639 0
3.763425624 2.907586363 3.443194373 5.33340891 4.75245841 5.60262987 9.6097713 20.18873806 26.05492108 16.99776121 1.34610480000001 0
0.113257683 0.548864156 1.598675756 2.744320781 4.351708666 6.314115828 10.33040751 18.07331257 28.87853113 22.03079738 3.90303400000001 0
0.024102677 0.349488823 2.528772571 4.49314078 7.106272719 10.85022195 11.71390122 17.51461225 21.64420431 21.79484604 1.98043666 0
0.391760122 1.833953979 3.362248962 6.795531347 7.20020665 7.88686312 10.85519943 15.54555826 24.28482252 18.28357406 3.53014616 0
0.446710367 2.267540665 4.289876183 5.855790245 6.05001213 6.60111678 10.50254916 17.14251032 25.92376791 17.59893178 3.02015052 0
0.04 0.18492834 0.872630606 1.334951456 3.259361997 5.033518261 9.74919094 17.57397134 33.51248266 24.37586685 4.06264447999999 0
0.02 0.115501227 0.981760431 1.068386352 3.373598344 5.260118386 10.21223351 18.05669185 30.97357909 29.93813081 0 0
0.03 0.015257858 0.722205269 1.103651714 3.077001322 4.450208524 7.593327233 15.39009256 17.22612145 47.17221036 3.21940799000001 0
0.04 0.123386066 0.515577491 1.947737188 2.921605781 3.47684308 6.429295374 10.61560834 22.49592385 41.43127837 10.00274446 0
0.08 0.090661831 1.339780397 4.74967261 7.096806692 8.003425 8.55243276 12.54155334 30.12994862 21.51203788 5.90368087 0
0.18 0.26 0.86 4.1 11.43 5.09 6.02 7.85 20.53 35.41 8.27 0
0.15 0.2 0.67 2.29 3.55 3.75 5.63 8.66 28.62 32.11 14.37 0
0.24 0.25 0.85 2.48 5.79 5.21 9.2 15.29 38.15 21 1.54000000000001 0
0.12 0.17 0.67 1.45 3.17 4.02 6.49 14.07 32.09 36.78 0.969999999999999 0
0.27 0.27 0.99 2.08 3.43 4.09 7.83 14.09 27.23 35.54 4.17 0
0.7 1.619170984 2.423359241 3.826640759 4.387953366 4.91688256 8.21459413 16.41839378 31.68177893 23.04080311 2.76878238 0
1.19 1.205314341 2.424325434 3.670730037 6.003743778 6.72510615 9.66990823 16.9246222 28.04638634 24.13986349 0 0
0.12 0.427872861 1.466992665 4.61311664 11.800661584 6.96821516 9.48870991 16.74097512 31.34258593 17.03087013 0 0
0.39 1.000214332 6.18704008 31.213831538 33.00707294 9.60920197 7.42301922 5.20111453 4.82246195 1.14604344 0 0
0.24 0.28 0.86 3.6 6.75 4.97 6.48 10.51 21.62 33.93 10.76 0
0.12 0.1 0.7 2.35 4.01 3.28 5.6 8.68 20.9 36.98 17.27 0
0.02 0 0.3 0.64 1.87 3.21 7.21 14.36 32.71 36.69 2.97999999999999 0
0.05 0.01 0.3 0.97 2.32 3.15 6.64 12.13 30.74 43.41 0.280000000000001 0
0.05 0.01 0.3 1.93 5.37 7.31 11.28 14.93 23.26 30.13 5.43000000000001 0
0.36 0.95 1.15 2.4 5.07 4.55 6.88 11.95 34.97 25.3 6.41 0
0.68 1.91 1.91 2.99 6.53 6.56 9.88 15.73 25.87 24.37 3.56999999999999 0
0.18 0.24 0.68 1.23 2.9 3.54 6.39 10.41 38.08 33.61 2.73999999999999 0
0.27 0.29 0.66 1.38 2.5 2.81 5.94 13.55 28.81 36.09 7.7 0
0.27 0.34 0 1.86 4.43 4.32 8.92 16.76 43.27 15.38 4.45 0
0.52 0.455045315 0.88354632 2.320731106 2.775776421 3.443176218 6.88256039 13.38970839 29.88510106 32.21341625 7.23093853 0
0.86 2.139018401 2.608819446 4.972061073 10.36053671 7.3602164 8.45997793 13.95522654 30.80755952 18.47172296 0 0
0.45 0.613712081 1.678940909 6.505348062 6.785902158 5.79957917 8.89882518 15.87760827 33.31141505 16.66666667 3.41048570000001 0
1.19 1.29393684 1.988002578 3.728124535 3.485201527 3.70829409 6.00862624 12.60225076 24.16836051 30.23647812 11.5907248 0
0.27 0.27 0.72 2.86 4.46 5.23 7.31 10.24 26.98 33.02 8.64 0
0.21 0.46 0.71 0.72 1.7 2.38 4.03 7.86 42.55 34.16 5.22 0
0.22 0.31 0.68 1.03 2 3.18 6.61 14.24 35.37 36.29 0.0599999999999881 0
0.07 0.09 0.47 1.2 2.47 2.98 6.46 12.21 28.04 39.98 6.03 0
0.06 0.09 0.59 2.18 5.07 6.46 12.05 14.37 31.44 24.14 3.55 0
0.09 0.56490876 2.148139889 3.686772959 6.280893452 9.10172074 14.11528598 19.07310366 25.56583788 13.74735199 5.62598469 0
0.33 0.785901405 1.776613479 1.995713266 2.953084067 4.120028583 7.73517504 16.46582519 34.15575137 29.6819076 0 0
1.34 2.691155255 7.801575855 15.56431028 12.21839974 17.43424703 14.72644545 16.52979692 10.45943846 1.23182777 0 0
0.3 0.285714286 0.648648648 0.934362935 1.583011583 2.084942085 4.416988413 13.11583012 36.03474903 34.53667954 6.05791506 0
